COUNTY|MUNICIPALITY|W/P|CG|SS|SR|CC|D|G|L|R|U|TOTAL|
AND|AUBURN|1-1|2|20|62|5|643|137|28|388|652|1848|
AND|AUBURN|1-1|2|20|64|5|127|23|5|148|148|451|
AND|AUBURN|1-1|2|20|64|6|322|41|9|330|378|1080|
AND|AUBURN|2-1|2|20|62|5|209|38|24|126|261|658|
AND|AUBURN|2-1|2|20|64|5|610|83|21|415|643|1772|
AND|AUBURN|2-1|2|20|64|6|308|33|7|307|398|1053|
AND|AUBURN|3-1|2|20|62|5|205|43|29|109|250|636|
AND|AUBURN|3-1|2|20|63|5|302|37|12|274|336|961|
AND|AUBURN|3-1|2|20|63|6|408|43|7|362|548|1368|
AND|AUBURN|3-1|2|20|64|6|102|12|1|87|138|340|
AND|AUBURN|4-1|2|20|62|5|270|50|19|120|264|723|
AND|AUBURN|4-1|2|20|63|5|210|33|4|145|267|659|
AND|AUBURN|4-1|2|20|63|6|385|48|12|436|492|1373|
AND|AUBURN|5-1|2|20|62|5|418|70|31|190|494|1203|
AND|AUBURN|5-1|2|20|63|5|462|67|19|334|539|1421|
AND|AUBURN|5-1|2|20|63|6|165|26|4|195|327|717|
AND|DURHAM|1-1|2|22|46|3|872|193|19|992|1375|3451|
AND|GREENE|1-1|2|22|57|3|875|219|25|977|1297|3393|
AND|LEEDS|1-1|2|22|75|7|480|123|9|517|711|1840|
AND|LEWISTON|1-1|2|21|59|2|779|83|28|375|535|1800|
AND|LEWISTON|1-1|2|21|60|2|1367|140|55|327|967|2856|
AND|LEWISTON|2-1|2|21|59|2|1572|179|44|921|1231|3947|
AND|LEWISTON|3-1|2|21|59|2|603|38|3|106|332|1082|
AND|LEWISTON|3-1|2|21|60|1|1645|249|171|427|1417|3909|
AND|LEWISTON|4-1|2|21|58|1|188|17|3|113|109|430|
AND|LEWISTON|4-1|2|21|58|2|399|46|29|175|335|984|
AND|LEWISTON|4-1|2|21|58|3|424|55|23|263|366|1131|
AND|LEWISTON|4-1|2|21|59|2|356|57|13|184|290|900|
AND|LEWISTON|5-1|2|21|60|2|302|53|13|147|279|794|
AND|LEWISTON|5-1|2|21|61|1|853|141|167|172|735|2068|
AND|LEWISTON|6-1|2|21|58|3|1108|167|22|835|931|3063|
AND|LEWISTON|6-1|2|21|61|1|210|27|9|105|145|496|
AND|LEWISTON|6-1|2|21|61|3|102|8|1|57|68|236|
AND|LEWISTON|7-1|2|21|58|1|350|50|13|187|259|859|
AND|LEWISTON|7-1|2|21|61|1|912|128|74|463|839|2416|
AND|LISBON|1-1|2|22|56|4|858|106|23|956|1410|3353|
AND|LISBON|2-1|2|22|56|4|871|120|17|981|1478|3467|
AND|LIVERMORE|1-1|2|18|74|7|348|45|0|246|293|932|
AND|LIVERMORE|1-1|2|18|75|7|253|42|0|258|334|887|
AND|LIVERMORE FALLS|1-1|2|18|74|7|626|114|16|390|825|1971|
AND|MECHANIC FALLS|1-1|2|20|72|6|552|95|13|587|888|2135|
AND|MINOT|1-1|2|20|64|7|485|128|10|657|836|2116|
AND|POLAND|1-1|2|20|65|6|631|140|9|705|970|2455|
AND|POLAND|1-1|2|20|66|6|475|122|7|561|748|1913|
AND|SABATTUS|1-1|2|22|57|4|1114|226|52|988|1558|3938|
AND|TURNER|1-1|2|22|75|7|1070|134|26|1458|1763|4451|
AND|WALES|1-1|2|22|82|4|247|83|11|372|524|1237|
ARO|ALLAGASH|1-1|2|1|151|3|103|4|0|56|85|248|
ARO|AMITY|1-1|2|2|144|1|35|3|0|52|64|154|
ARO|ASHLAND|1-1|2|1|151|2|276|9|1|199|427|912|
ARO|BENEDICTA TWP|1-1|2|2|144|1|34|4|0|46|72|156|
ARO|BLAINE|1-1|2|2|146|1|119|19|0|304|238|680|
ARO|BRIDGEWATER|1-1|2|2|145|1|86|22|1|171|127|407|
ARO|CARIBOU|1-1|2|1|149|2|1715|224|11|1739|2116|5805|
ARO|CARY PLT|1-1|2|2|144|1|28|12|1|53|48|142|
ARO|CASTLE HILL|1-1|2|1|146|2|63|17|0|121|118|319|
ARO|CASWELL|1-1|2|1|148|3|94|11|1|41|62|209|
ARO|CHAPMAN|1-1|2|2|146|2|93|14|0|108|126|341|
ARO|CONNOR TWP|1-1|2|1|148|3|97|12|0|66|131|306|
ARO|CROSS LAKE TWP (T17 R5)|1-1|2|1|150|3|67|18|2|52|20|159|
ARO|CRYSTAL|1-1|2|2|145|1|29|8|1|79|68|185|
ARO|CYR PLT|1-1|2|1|148|3|28|6|0|18|10|62|
ARO|DYER BROOK|1-1|2|2|145|1|37|10|1|77|69|194|
ARO|EAGLE LAKE|1-1|2|1|151|3|332|18|0|105|219|674|
ARO|EASTON|1-1|2|2|148|1|251|37|1|357|294|940|
ARO|FORT FAIRFIELD|1-1|2|2|148|1|810|93|1|661|800|2365|
ARO|FORT KENT|1-1|2|1|151|2|1|0|0|2|1|4|
ARO|FORT KENT|1-2|2|1|151|3|31|3|0|18|13|65|
ARO|FORT KENT|1-3|2|1|151|3|86|0|0|42|56|184|
ARO|FORT KENT|1-4|2|1|151|3|154|7|1|79|118|359|
ARO|FORT KENT|1-5|2|1|151|3|1238|47|6|466|728|2485|
ARO|FRENCHVILLE|1-1|2|1|150|3|446|38|1|104|225|814|
ARO|GARFIELD PLT|1-1|2|1|151|2|10|2|0|30|24|66|
ARO|GLENWOOD PLT|1-1|2|2|144|1|4|0|0|1|2|7|
ARO|GRAND ISLE|1-1|2|1|150|3|203|12|1|33|66|315|
ARO|HAMLIN|1-1|2|1|148|3|58|2|0|27|40|127|
ARO|HAMMOND|1-1|2|2|145|1|15|1|0|20|30|66|
ARO|HAYNESVILLE|1-1|2|2|144|1|25|2|0|21|41|89|
ARO|HERSEY|1-1|2|2|145|1|7|0|0|27|21|55|
ARO|HODGDON|1-1|2|2|144|1|174|32|5|392|334|937|
ARO|HOULTON|1-1|2|2|144|1|837|133|7|1260|1386|3623|
ARO|ISLAND FALLS|1-1|2|2|145|1|147|16|3|192|197|555|
ARO|LIMESTONE|1-1|2|1|148|3|560|66|4|391|777|1798|
ARO|LINNEUS|1-1|2|2|145|1|93|15|1|244|315|668|
ARO|LITTLETON|1-1|2|2|145|1|118|16|0|240|292|666|
ARO|LUDLOW|1-1|2|2|145|1|51|14|1|103|164|333|
ARO|MACWAHOC PLT|1-1|2|2|144|1|25|9|0|14|11|59|
ARO|MADAWASKA|1-1|2|1|150|3|1825|80|1|395|818|3119|
ARO|MADAWASKA LAKE TWP (T16 R4)|1-1|2|1|150|3|39|4|0|55|29|127|
ARO|MAPLETON|1-1|2|1|146|2|97|26|0|124|134|381|
ARO|MAPLETON|1-2|2|1|146|2|32|5|1|88|68|194|
ARO|MAPLETON|1-3|2|1|146|2|191|42|6|367|242|848|
ARO|MARS HILL|1-1|2|2|146|1|199|27|3|482|351|1062|
ARO|MASARDIS|1-1|2|1|151|2|43|8|0|49|78|178|
ARO|MERRILL|1-1|2|2|145|1|41|9|0|53|60|163|
ARO|MONTICELLO|1-1|2|2|145|1|114|13|1|221|245|594|
ARO|MORO PLT|1-1|2|2|145|1|3|2|0|19|15|39|
ARO|NASHVILLE PLT|1-1|2|1|151|3|14|1|0|6|12|33|
ARO|NEW CANADA|1-1|2|1|151|3|101|9|0|49|57|216|
ARO|NEW LIMERICK|1-1|2|2|145|1|84|4|1|222|139|450|
ARO|NEW SWEDEN|1-1|2|1|149|3|122|13|0|166|204|505|
ARO|OAKFIELD|1-1|2|2|145|1|130|28|0|177|249|584|
ARO|ORIENT|1-1|2|2|144|1|22|3|0|38|51|114|
ARO|OXBOW PLT|1-1|2|1|151|1|13|2|0|31|13|59|
ARO|PERHAM|1-1|2|1|146|3|68|20|2|113|109|312|
ARO|PORTAGE LAKE|1-1|2|1|151|3|111|16|2|105|130|364|
ARO|PRESQUE ISLE|1-10|2|2|147|2|175|20|5|212|182|594|
ARO|PRESQUE ISLE|1-11|2|2|147|2|131|20|3|104|163|421|
ARO|PRESQUE ISLE|1-12|2|2|147|2|212|27|2|146|221|608|
ARO|PRESQUE ISLE|1-13|2|2|147|2|131|11|1|121|185|449|
ARO|PRESQUE ISLE|1-14|2|2|147|2|81|13|0|71|109|274|
ARO|PRESQUE ISLE|1-15|2|2|147|2|71|13|1|65|120|270|
ARO|PRESQUE ISLE|1-16|2|2|147|2|125|26|2|101|144|398|
ARO|PRESQUE ISLE|1-3|2|2|147|2|7|5|0|20|18|50|
ARO|PRESQUE ISLE|1-4|2|2|147|2|1|0|0|0|0|1|
ARO|PRESQUE ISLE|1-4|2|2|148|2|18|2|1|34|21|76|
ARO|PRESQUE ISLE|1-5|2|2|147|2|57|8|2|111|70|248|
ARO|PRESQUE ISLE|1-5|2|2|148|2|96|8|1|156|131|392|
ARO|PRESQUE ISLE|1-6|2|2|147|2|114|20|0|147|155|436|
ARO|PRESQUE ISLE|1-7|2|2|147|2|136|13|3|150|141|443|
ARO|PRESQUE ISLE|1-8|2|2|147|2|246|31|3|318|273|871|
ARO|PRESQUE ISLE|1-9|2|2|147|2|136|24|3|129|160|452|
ARO|PRESQUE ISLE|2-17|2|2|147|2|137|30|2|80|180|429|
ARO|PRESQUE ISLE|2-4|2|2|147|2|33|3|0|77|57|170|
ARO|PRESQUE ISLE|2-4|2|2|148|2|3|1|0|6|7|17|
ARO|PRESQUE ISLE|2-5|2|2|147|2|55|8|1|54|70|188|
ARO|REED PLT|1-1|2|2|144|1|16|5|0|42|51|114|
ARO|SAINT AGATHA|1-1|2|1|150|3|347|38|0|99|175|659|
ARO|SAINT FRANCIS|1-1|2|1|151|3|202|14|1|51|87|355|
ARO|SAINT JOHN PLT|1-1|2|1|151|3|117|2|2|23|80|224|
ARO|SHERMAN|1-1|2|2|145|1|90|23|0|250|256|619|
ARO|SILVER RIDGE TWP|1-1|2|2|144|1|6|5|0|32|23|66|
ARO|SINCLAIR (T17 R4)|1-1|2|1|150|3|117|16|0|32|57|222|
ARO|SMYRNA|1-1|2|2|145|1|51|2|0|50|92|195|
ARO|STOCKHOLM|1-1|2|1|148|3|84|10|0|59|68|221|
ARO|VAN BUREN|1-1|2|1|150|3|778|51|0|186|478|1493|
ARO|WADE|1-1|2|1|146|3|52|13|0|83|67|215|
ARO|WALLAGRASS|1-1|2|1|151|3|210|14|0|45|132|401|
ARO|WASHBURN|1-1|2|1|146|2|265|23|2|398|339|1027|
ARO|WESTFIELD|1-1|2|2|146|2|98|27|0|143|160|428|
ARO|WESTMANLAND|1-1|2|1|149|3|8|6|0|24|17|55|
ARO|WESTON|1-1|2|2|144|1|58|8|1|95|90|252|
ARO|WINTERVILLE PLT|1-1|2|1|151|3|91|16|0|36|44|187|
ARO|WOODLAND|1-1|2|1|146|3|212|39|1|360|348|960|
CUM|BALDWIN|1-1|1|26|68|1|265|72|2|453|460|1252|
CUM|BRIDGTON|1-1|1|19|69|1|1116|254|17|1341|1605|4333|
CUM|BRUNSWICK|1-1|1|24|50|3|37|4|0|59|39|139|
CUM|BRUNSWICK|1-1|1|24|51|3|242|37|6|252|288|825|
CUM|BRUNSWICK|1-2|1|24|50|3|162|16|0|114|169|461|
CUM|BRUNSWICK|1-2|1|24|51|3|206|35|8|188|247|684|
CUM|BRUNSWICK|2-1|1|24|49|3|100|1|2|45|71|219|
CUM|BRUNSWICK|2-1|1|24|50|3|131|13|1|49|99|293|
CUM|BRUNSWICK|2-2|1|24|50|3|981|47|9|415|686|2138|
CUM|BRUNSWICK|3-1|1|24|49|3|513|50|7|364|554|1488|
CUM|BRUNSWICK|3-2|1|24|49|3|391|39|1|226|405|1062|
CUM|BRUNSWICK|4-1|1|24|49|3|302|37|4|237|327|907|
CUM|BRUNSWICK|4-2|1|24|49|3|573|49|7|333|532|1494|
CUM|BRUNSWICK|5-1|1|24|50|3|142|11|1|82|114|350|
CUM|BRUNSWICK|5-2|1|24|50|3|891|110|21|560|862|2444|
CUM|BRUNSWICK|6-1|1|24|49|3|0|0|0|0|0|0|
CUM|BRUNSWICK|6-1|1|24|50|3|0|0|0|0|1|1|
CUM|BRUNSWICK|6-2|1|24|49|3|526|70|16|186|469|1267|
CUM|BRUNSWICK|6-2|1|24|50|3|825|63|7|191|524|1610|
CUM|BRUNSWICK|7-1|1|24|49|3|0|0|0|0|0|0|
CUM|BRUNSWICK|7-1|1|24|50|3|0|0|0|0|0|0|
CUM|BRUNSWICK|7-2|1|24|49|3|785|68|10|396|540|1799|
CUM|BRUNSWICK|7-2|1|24|50|3|965|61|1|118|516|1661|
CUM|CAPE ELIZABETH|1-1|1|29|30|4|3355|165|20|1971|2419|7930|
CUM|CAPE ELIZABETH|1-1|1|29|32|4|177|11|1|93|128|410|
CUM|CASCO|1-1|1|26|66|2|687|135|10|688|956|2476|
CUM|CASCO|1-1|1|26|67|2|172|30|4|222|234|662|
CUM|CHEBEAGUE ISLAND|1-1|1|25|47|3|156|13|1|92|123|385|
CUM|CUMBERLAND|1-1|1|25|45|3|2231|193|17|2191|2206|6838|
CUM|FALMOUTH|1-1|1|25|43|2|792|42|5|628|707|2174|
CUM|FALMOUTH|1-1|1|25|44|2|2756|187|10|2570|2413|7936|
CUM|FREEPORT|1-1|1|24|48|3|743|66|5|358|614|1786|
CUM|FREEPORT|2-1|1|24|48|3|787|59|8|413|617|1884|
CUM|FREEPORT|3-1|1|24|48|3|722|36|5|401|536|1700|
CUM|FREEPORT|4-1|1|24|48|3|617|65|5|407|644|1738|
CUM|FRYE ISLAND|1-1|1|26|67|2|31|15|0|44|71|161|
CUM|GORHAM|1-1|1|30|27|1|1294|170|30|1113|1157|3764|
CUM|GORHAM|1-2|1|30|27|1|855|150|15|916|1085|3021|
CUM|GORHAM|2-1|1|30|26|1|2256|408|58|1890|2611|7223|
CUM|GRAY|1-1|1|25|45|2|262|52|5|233|403|955|
CUM|GRAY|1-1|1|25|67|2|1400|206|26|1691|2201|5524|
CUM|HARPSWELL|1-1|1|24|51|3|593|65|4|449|593|1704|
CUM|HARPSWELL|2-1|1|24|51|3|512|54|3|423|590|1582|
CUM|HARPSWELL|3-1|1|24|51|3|280|33|0|254|286|853|
CUM|HARRISON|1-1|1|19|69|2|464|104|5|587|702|1862|
CUM|LONG ISLAND|1-1|1|25|47|3|82|7|0|60|59|208|
CUM|NAPLES|1-1|1|19|68|2|781|189|14|996|1242|3222|
CUM|NEW GLOUCESTER|1-1|1|20|65|2|1044|276|25|1261|1656|4262|
CUM|NORTH YARMOUTH|1-1|1|24|46|3|1108|148|13|977|1113|3359|
CUM|PORTLAND|1-1|1|27|39|5|2845|333|33|435|1622|5268|
CUM|PORTLAND|1-2|1|27|38|5|244|46|7|43|176|516|
CUM|PORTLAND|1-2|1|27|39|5|1126|146|28|227|974|2501|
CUM|PORTLAND|1-2|1|27|40|5|1340|206|68|299|1204|3117|
CUM|PORTLAND|1-3|1|27|39|5|584|34|1|98|250|967|
CUM|PORTLAND|1-45|1|27|39|5|72|6|1|44|52|175|
CUM|PORTLAND|2-1|1|27|38|5|3744|399|34|494|2212|6883|
CUM|PORTLAND|2-2|1|27|38|5|641|86|12|124|401|1264|
CUM|PORTLAND|2-2|1|27|40|5|2061|307|37|311|1431|4147|
CUM|PORTLAND|3-1|1|27|37|5|114|22|2|31|86|255|
CUM|PORTLAND|3-1|1|27|40|5|169|22|3|33|97|324|
CUM|PORTLAND|3-1|1|27|41|5|855|82|16|176|459|1588|
CUM|PORTLAND|3-1|1|27|42|5|126|19|4|24|73|246|
CUM|PORTLAND|3-1|1|28|36|5|31|0|0|16|16|63|
CUM|PORTLAND|3-1|1|28|37|5|1045|92|16|351|685|2189|
CUM|PORTLAND|3-1|1|28|41|5|852|82|11|180|448|1573|
CUM|PORTLAND|3-2|1|28|37|5|1949|145|24|621|1127|3866|
CUM|PORTLAND|3-2|1|28|41|5|639|53|12|128|367|1199|
CUM|PORTLAND|4-1|1|27|36|5|235|9|0|78|121|443|
CUM|PORTLAND|4-1|1|27|42|5|2344|224|43|667|1512|4790|
CUM|PORTLAND|4-1|1|28|36|5|123|19|3|35|107|287|
CUM|PORTLAND|4-1|1|28|41|5|747|66|10|164|370|1357|
CUM|PORTLAND|4-2|1|27|36|4|23|4|1|10|12|50|
CUM|PORTLAND|4-2|1|27|36|5|581|55|10|212|438|1296|
CUM|PORTLAND|4-2|1|27|42|4|189|15|2|80|141|427|
CUM|PORTLAND|4-2|1|27|42|5|859|74|8|389|559|1889|
CUM|PORTLAND|4-2|1|27|43|4|190|20|4|98|156|468|
CUM|PORTLAND|4-2|1|28|36|5|91|4|0|43|37|175|
CUM|PORTLAND|5-1|1|28|36|5|970|73|15|321|798|2177|
CUM|PORTLAND|5-1|1|28|37|5|112|12|2|48|79|253|
CUM|PORTLAND|5-1|1|28|41|5|870|76|10|163|490|1609|
CUM|PORTLAND|5-2|1|28|36|4|22|3|0|11|18|54|
CUM|PORTLAND|5-2|1|28|36|5|677|69|13|250|595|1604|
CUM|PORTLAND|5-2|1|28|43|4|2050|173|22|1112|1600|4957|
CUM|POWNAL|1-1|1|24|46|3|247|46|4|225|345|867|
CUM|POWNAL|1-1|1|24|48|3|151|23|7|127|195|503|
CUM|RAYMOND|1-1|1|26|66|2|878|133|16|890|1149|3066|
CUM|RAYMOND|1-1|1|26|67|2|274|49|3|363|407|1096|
CUM|SCARBOROUGH|1-1|1|29|28|1|181|11|0|149|210|551|
CUM|SCARBOROUGH|1-1|1|29|29|1|621|56|6|536|567|1786|
CUM|SCARBOROUGH|1-1|1|30|27|1|284|35|4|289|379|991|
CUM|SCARBOROUGH|1-1|1|30|28|1|2025|219|17|2265|2628|7154|
CUM|SCARBOROUGH|1-1|1|30|29|1|2108|171|18|1852|2366|6515|
CUM|SEBAGO|1-1|1|19|68|1|424|79|2|488|603|1596|
CUM|SOUTH PORTLAND|1-1|1|29|31|4|2157|196|29|658|1500|4540|
CUM|SOUTH PORTLAND|2-1|1|29|31|4|1561|135|17|555|1047|3315|
CUM|SOUTH PORTLAND|2-1|1|29|32|4|620|47|10|259|388|1324|
CUM|SOUTH PORTLAND|3-1|1|29|32|4|1020|124|13|490|813|2460|
CUM|SOUTH PORTLAND|3-1|1|29|33|4|689|82|21|299|579|1670|
CUM|SOUTH PORTLAND|4-1|1|29|32|4|1068|137|9|644|1031|2889|
CUM|SOUTH PORTLAND|4-1|1|29|33|4|424|56|5|212|373|1070|
CUM|SOUTH PORTLAND|5-1|1|29|33|4|1274|159|26|639|1134|3232|
CUM|STANDISH|1-1|1|26|22|1|153|36|2|168|195|554|
CUM|STANDISH|1-1|1|26|23|1|1845|435|50|2158|2601|7089|
CUM|WESTBROOK|1-1|1|25|35|4|302|38|2|219|255|816|
CUM|WESTBROOK|1-1|1|28|34|4|561|64|14|312|473|1424|
CUM|WESTBROOK|1-1|1|28|35|4|196|27|3|131|189|546|
CUM|WESTBROOK|2-1|1|28|34|4|1017|132|23|529|886|2587|
CUM|WESTBROOK|3-1|1|28|34|4|989|137|21|570|943|2660|
CUM|WESTBROOK|4-1|1|25|35|4|202|17|5|157|183|564|
CUM|WESTBROOK|4-1|1|28|35|4|846|105|18|313|703|1985|
CUM|WESTBROOK|5-1|1|25|35|4|829|94|7|595|689|2214|
CUM|WESTBROOK|5-1|1|28|35|4|242|18|3|147|205|615|
CUM|WINDHAM|1-1|1|26|24|2|1947|299|52|1874|2815|6987|
CUM|WINDHAM|1-1|1|26|25|2|1800|232|50|1808|2368|6258|
CUM|YARMOUTH|1-1|1|25|47|3|2919|291|15|2048|2363|7636|
FRA|AVON|1-1|2|17|112|3|92|17|1|108|150|368|
FRA|CARRABASSETT VALLEY|1-1|2|17|112|3|189|30|1|200|228|648|
FRA|CARTHAGE|1-1|2|17|112|1|111|15|2|95|178|401|
FRA|CHESTERVILLE|1-1|2|17|114|2|264|64|0|272|373|973|
FRA|COPLIN PLT|1-1|2|17|117|3|37|8|0|52|59|156|
FRA|DALLAS PLT|1-1|2|17|117|3|50|11|1|83|95|240|
FRA|EUSTIS|1-1|2|17|117|3|141|27|0|199|253|620|
FRA|FARMINGTON|1-1|2|17|113|2|1810|383|104|1949|2293|6539|
FRA|INDUSTRY|1-1|2|17|114|3|149|30|3|209|274|665|
FRA|JAY|1-1|2|17|74|1|1301|115|9|789|1207|3421|
FRA|KINGFIELD|1-1|2|17|112|3|202|80|6|423|383|1094|
FRA|NEW SHARON|1-1|2|17|113|2|286|74|7|447|468|1282|
FRA|NEW VINEYARD|1-1|2|17|114|3|141|34|1|233|200|609|
FRA|PHILLIPS|1-1|2|17|112|3|224|44|2|286|405|961|
FRA|RANGELEY|1-1|2|17|117|3|239|75|3|423|441|1181|
FRA|RANGELEY PLT|1-1|2|17|117|3|45|13|0|73|67|198|
FRA|SANDY RIVER PLT|1-1|2|17|112|3|30|11|0|31|37|109|
FRA|STRONG|1-1|2|17|114|3|240|36|2|422|335|1035|
FRA|TEMPLE|1-1|2|17|114|1|160|26|0|123|162|471|
FRA|WELD|1-1|2|17|112|3|107|15|1|125|133|381|
FRA|WILTON|1-1|2|17|114|1|794|89|13|935|1092|2923|
HAN|AMHERST|1-1|2|7|137|1|56|7|1|75|68|207|
HAN|AURORA|1-1|2|7|137|1|16|3|0|47|30|96|
HAN|BAR HARBOR|1-1|2|7|135|3|1980|179|7|871|1500|4537|
HAN|BLUE HILL|1-1|2|7|133|1|1011|87|3|628|731|2460|
HAN|BROOKLIN|1-1|2|7|133|2|285|48|2|190|247|772|
HAN|BROOKSVILLE|1-1|2|7|133|2|328|45|1|203|254|831|
HAN|BUCKSPORT|1-1|2|8|130|2|1064|64|23|1157|1635|3943|
HAN|CASTINE|1-1|2|8|133|2|324|44|4|339|377|1088|
HAN|CRANBERRY ISLES|1-1|2|7|134|3|24|5|0|24|33|86|
HAN|CRANBERRY ISLES|2-1|2|7|134|3|49|3|0|19|46|117|
HAN|DEDHAM|1-1|2|8|131|2|354|46|0|501|523|1424|
HAN|DEER ISLE|1-1|2|7|134|2|599|67|4|394|683|1747|
HAN|EASTBROOK|1-1|2|7|137|1|77|13|0|131|133|354|
HAN|ELLSWORTH|1-1|2|7|132|1|619|97|7|857|749|2329|
HAN|ELLSWORTH|2-1|2|7|132|1|237|55|4|335|336|967|
HAN|ELLSWORTH|3-1|2|7|132|1|199|34|3|349|304|889|
HAN|ELLSWORTH|4-1|2|7|132|1|501|62|5|684|646|1898|
HAN|FRANKLIN|1-1|2|7|137|3|282|50|3|400|393|1128|
HAN|FRENCHBORO|1-1|2|7|134|3|12|3|0|11|16|42|
HAN|GOULDSBORO|1-1|2|6|136|1|387|75|0|532|547|1541|
HAN|GREAT POND|1-1|2|8|137|1|9|2|0|16|17|44|
HAN|HANCOCK|1-1|2|7|136|3|440|63|3|692|689|1887|
HAN|LAMOINE|1-1|2|7|135|3|397|69|4|549|473|1492|
HAN|MARIAVILLE|1-1|2|7|136|1|80|17|2|121|171|391|
HAN|MOUNT DESERT|1-1|2|7|135|3|753|73|0|503|614|1943|
HAN|ORLAND|1-1|2|8|131|2|504|81|6|469|678|1738|
HAN|OSBORN|1-1|2|7|136|1|9|1|0|33|13|56|
HAN|OTIS|1-1|2|7|131|1|135|30|2|228|200|595|
HAN|PENOBSCOT|1-1|2|8|131|2|341|55|1|304|388|1089|
HAN|SEDGWICK|1-1|2|7|133|2|379|48|3|259|342|1031|
HAN|SORRENTO|1-1|2|7|136|1|108|7|0|91|82|288|
HAN|SOUTHWEST HARBOR|1-1|2|7|134|3|541|78|1|394|608|1622|
HAN|STONINGTON|1-1|2|7|134|2|297|35|1|177|394|904|
HAN|SULLIVAN|1-1|2|6|136|1|229|60|0|270|363|922|
HAN|SURRY|1-1|2|7|133|1|434|65|5|438|380|1322|
HAN|SWANS ISLAND|1-1|2|7|134|3|63|24|1|127|113|328|
HAN|TREMONT|1-1|2|7|134|3|391|42|0|323|447|1203|
HAN|TRENTON|1-1|2|7|132|3|312|69|1|391|509|1282|
HAN|VERONA ISLAND|1-1|2|8|131|2|127|14|3|156|131|431|
HAN|WALTHAM|1-1|2|7|136|1|50|9|1|145|86|291|
HAN|WINTER HARBOR|1-1|2|6|136|1|109|16|3|174|163|465|
KEN|ALBION|1-1|2|16|79|3|353|60|3|559|543|1518|
KEN|AUGUSTA|1-1|1|15|85|1|188|28|3|120|171|510|
KEN|AUGUSTA|1-1|1|15|86|1|1010|116|9|820|915|2870|
KEN|AUGUSTA|2-1|1|15|85|1|1236|152|15|908|1175|3486|
KEN|AUGUSTA|3-1|1|15|86|1|1121|145|20|858|1232|3376|
KEN|AUGUSTA|4-1|1|15|80|1|319|54|3|316|410|1102|
KEN|AUGUSTA|4-1|1|15|85|1|909|108|6|752|962|2737|
KEN|BELGRADE|1-1|2|17|76|3|663|107|5|852|1006|2633|
KEN|BENTON|1-1|2|16|78|3|140|25|0|143|151|459|
KEN|BENTON|1-1|2|16|79|3|360|79|1|492|596|1528|
KEN|CHELSEA|1-1|1|14|88|1|574|98|2|558|820|2052|
KEN|CHINA|1-1|1|15|79|1|759|71|5|981|1269|3085|
KEN|CLINTON|1-1|2|16|106|3|627|110|1|735|948|2421|
KEN|FARMINGDALE|1-1|1|14|83|2|760|91|9|753|845|2458|
KEN|FAYETTE|1-1|2|17|76|2|310|57|0|276|336|979|
KEN|GARDINER|1-1|2|14|83|2|349|52|6|288|411|1106|
KEN|GARDINER|2-1|2|14|83|2|379|56|2|299|420|1156|
KEN|GARDINER|3-1|2|14|83|2|448|54|4|274|359|1139|
KEN|GARDINER|4-1|2|14|83|2|308|72|2|317|403|1102|
KEN|HALLOWELL|1-1|1|14|84|2|207|11|1|97|127|443|
KEN|HALLOWELL|2-1|1|14|84|2|232|15|1|71|140|459|
KEN|HALLOWELL|3-1|1|14|84|2|278|7|3|90|108|486|
KEN|HALLOWELL|4-1|1|14|84|2|192|19|0|78|108|397|
KEN|HALLOWELL|5-1|1|14|84|2|116|15|1|145|97|374|
KEN|LITCHFIELD|1-1|2|22|82|2|691|172|16|852|1003|2734|
KEN|MANCHESTER|1-1|1|14|84|1|620|119|9|747|653|2148|
KEN|MONMOUTH|1-1|2|14|81|2|48|13|0|64|100|225|
KEN|MONMOUTH|1-1|2|14|82|2|781|153|15|973|1122|3044|
KEN|MOUNT VERNON|1-1|2|17|76|2|421|86|5|391|535|1438|
KEN|OAKLAND|1-1|2|15|110|3|369|41|13|402|548|1373|
KEN|OAKLAND|1-1|2|15|77|3|894|108|14|1029|1306|3351|
KEN|PITTSTON|1-1|1|14|87|2|587|75|6|745|764|2177|
KEN|RANDOLPH|1-1|2|14|87|2|458|53|6|372|461|1350|
KEN|READFIELD|1-1|1|14|81|2|713|112|4|683|737|2249|
KEN|ROME|1-1|2|3|76|3|246|47|3|238|361|895|
KEN|SIDNEY|1-1|2|15|77|1|824|136|10|1187|1087|3244|
KEN|VASSALBORO|1-1|1|15|80|1|967|157|8|992|1165|3289|
KEN|VIENNA|1-1|2|17|76|2|162|37|0|119|176|494|
KEN|WATERVILLE|1-1|1|16|110|3|517|56|11|294|574|1452|
KEN|WATERVILLE|2-1|1|16|110|3|564|64|5|272|586|1491|
KEN|WATERVILLE|3-1|1|16|110|3|1628|141|3|325|1155|3252|
KEN|WATERVILLE|4-1|1|16|109|3|748|61|11|469|545|1834|
KEN|WATERVILLE|5-1|1|16|109|3|658|59|5|379|619|1720|
KEN|WATERVILLE|6-1|1|16|109|3|554|69|19|233|422|1297|
KEN|WATERVILLE|6-1|1|16|110|3|130|11|5|57|96|299|
KEN|WATERVILLE|7-1|1|16|109|3|554|67|9|297|650|1577|
KEN|WAYNE|1-1|2|22|76|2|348|38|2|288|344|1020|
KEN|WEST GARDINER|1-1|2|14|84|2|750|154|7|938|1090|2939|
KEN|WINDSOR|1-1|1|13|80|1|453|111|3|665|647|1879|
KEN|WINSLOW|1-1|1|16|78|3|317|36|4|397|478|1232|
KEN|WINSLOW|2-1|1|16|78|3|394|41|3|291|451|1180|
KEN|WINSLOW|3-1|1|16|78|3|466|50|5|241|466|1228|
KEN|WINSLOW|4-1|1|16|78|3|431|53|2|354|409|1249|
KEN|WINSLOW|5-1|1|16|78|3|346|24|1|354|466|1191|
KEN|WINTHROP|1-1|1|14|81|2|1499|247|17|1548|1806|5117|
KNO|APPLETON|1-1|1|12|95|3|315|52|1|298|354|1020|
KNO|CAMDEN|1-1|1|12|94|3|2009|150|8|948|1246|4361|
KNO|CUSHING|1-1|1|12|92|2|284|53|1|342|463|1143|
KNO|FRIENDSHIP|1-1|1|12|91|2|230|51|0|386|321|988|
KNO|HOPE|1-1|1|12|95|3|385|51|3|383|379|1201|
KNO|ISLE AU HAUT|1-1|1|12|134|3|47|2|0|12|25|86|
KNO|MATINICUS ISLE PLT|1-1|1|12|92|3|27|4|0|27|40|98|
KNO|NORTH HAVEN|1-1|1|12|134|3|185|8|2|57|97|349|
KNO|OWLS HEAD|1-1|1|12|93|1|384|32|5|443|494|1358|
KNO|ROCKLAND|1-1|1|12|93|1|1847|201|8|1267|1870|5193|
KNO|ROCKPORT|1-1|1|12|94|3|1131|88|5|850|831|2905|
KNO|SAINT GEORGE|1-1|1|12|92|2|763|74|1|541|715|2094|
KNO|SOUTH THOMASTON|1-1|1|12|92|1|363|60|1|375|443|1242|
KNO|THOMASTON|1-1|1|12|92|1|675|130|6|583|704|2098|
KNO|UNION|1-1|1|12|91|2|155|39|0|243|250|687|
KNO|UNION|1-1|1|12|95|2|245|63|3|426|343|1080|
KNO|VINALHAVEN|1-1|1|12|134|3|371|38|1|167|410|987|
KNO|WARREN|1-1|1|12|95|2|607|126|11|910|1106|2760|
KNO|WASHINGTON|1-1|1|13|91|2|306|63|6|381|496|1252|
LIN|ALNA|1-1|1|13|87|3|211|41|3|168|197|620|
LIN|BOOTHBAY|1-1|1|13|89|1|701|114|3|909|960|2687|
LIN|BOOTHBAY HARBOR|1-1|1|13|89|1|548|38|5|612|655|1858|
LIN|BREMEN|1-1|1|13|90|2|235|22|0|174|227|658|
LIN|BRISTOL|1-1|1|13|90|2|707|55|3|775|851|2391|
LIN|DAMARISCOTTA|1-1|1|13|90|3|672|85|3|498|619|1877|
LIN|DRESDEN|1-1|1|23|53|3|393|87|6|423|547|1456|
LIN|EDGECOMB|1-1|1|13|89|1|334|57|3|340|397|1131|
LIN|JEFFERSON|1-1|1|13|88|3|485|104|7|695|747|2038|
LIN|MONHEGAN ISLAND PLT|1-1|1|13|90|2|42|5|0|8|20|75|
LIN|NEWCASTLE|1-1|1|13|90|3|574|83|0|368|486|1511|
LIN|NOBLEBORO|1-1|1|13|88|2|189|44|0|293|259|785|
LIN|NOBLEBORO|1-1|1|13|90|2|244|30|0|217|240|731|
LIN|SOMERVILLE|1-1|1|13|80|3|96|35|2|147|153|433|
LIN|SOUTH BRISTOL|1-1|1|13|89|2|216|19|1|168|244|648|
LIN|SOUTH BRISTOL|1-1|1|13|90|2|34|12|1|57|85|189|
LIN|SOUTHPORT|1-1|1|13|89|1|164|9|1|241|137|552|
LIN|WALDOBORO|1-1|1|13|91|2|1045|162|6|1267|1413|3893|
LIN|WESTPORT ISLAND|1-1|1|13|89|1|168|32|3|220|216|639|
LIN|WHITEFIELD|1-1|1|13|88|3|515|86|3|522|614|1740|
LIN|WISCASSET|1-1|1|13|87|1|703|99|9|980|1118|2909|
OXF|ALBANY TWP|1-1|2|18|117|1|95|22|1|113|150|381|
OXF|ANDOVER|1-1|2|18|117|2|145|33|1|191|313|683|
OXF|BETHEL|1-1|2|18|117|2|579|37|12|624|1096|2348|
OXF|BROWNFIELD|1-1|2|19|70|1|290|70|7|291|492|1150|
OXF|BUCKFIELD|1-1|2|18|73|3|265|11|1|376|801|1454|
OXF|BYRON|1-1|2|18|117|2|40|9|0|27|37|113|
OXF|CANTON|1-1|2|18|116|2|247|49|9|225|302|832|
OXF|DENMARK|1-1|2|19|69|1|242|25|14|322|409|1012|
OXF|DIXFIELD|1-1|2|18|116|2|465|148|6|407|721|1747|
OXF|FRYEBURG|1-1|2|19|70|1|739|167|17|850|1208|2981|
OXF|GILEAD|1-1|2|18|117|2|38|3|2|35|74|152|
OXF|GREENWOOD|1-1|2|18|117|1|171|37|2|176|281|667|
OXF|HANOVER|1-1|2|18|117|2|49|3|1|100|89|242|
OXF|HARTFORD|1-1|2|18|116|3|202|51|7|231|373|864|
OXF|HEBRON|1-1|2|18|73|3|239|66|7|286|349|947|
OXF|HIRAM|1-1|2|19|70|1|273|44|1|322|487|1127|
OXF|LINCOLN PLT|1-1|2|18|117|2|4|5|0|17|6|32|
OXF|LOVELL|1-1|2|18|117|1|20|4|0|30|32|86|
OXF|LOVELL|1-1|2|18|70|1|248|42|2|247|378|917|
OXF|MAGALLOWAY PLT|1-1|2|18|117|2|2|1|0|13|13|29|
OXF|MEXICO|1-1|2|18|116|2|726|70|3|301|823|1923|
OXF|NEWRY|1-1|2|18|117|2|83|16|0|108|119|326|
OXF|NORWAY|1-1|2|19|71|1|1054|195|13|1119|1571|3952|
OXF|OTISFIELD|1-1|2|19|72|3|344|82|12|427|578|1443|
OXF|OXFORD|1-1|2|19|72|3|727|160|14|1008|1367|3276|
OXF|PARIS|1-1|2|19|73|3|1008|230|18|1103|1508|3867|
OXF|PERU|1-1|2|18|116|2|363|60|6|274|565|1268|
OXF|PORTER|1-1|2|19|70|1|229|51|3|327|468|1078|
OXF|ROXBURY|1-1|2|18|115|2|117|17|0|73|112|319|
OXF|RUMFORD|1-1|2|18|115|2|1743|180|21|811|1744|4499|
OXF|STONEHAM|1-1|2|18|117|1|58|8|1|53|92|212|
OXF|STOW|1-1|2|18|117|1|84|11|1|75|68|239|
OXF|SUMNER|1-1|2|18|115|3|167|46|1|191|291|696|
OXF|SWEDEN|1-1|2|18|71|1|80|19|1|88|138|326|
OXF|UPTON|1-1|2|18|117|2|16|7|0|28|31|82|
OXF|WATERFORD|1-1|2|18|71|1|283|50|3|398|379|1113|
OXF|WEST PARIS|1-1|2|18|71|3|323|37|9|386|602|1357|
OXF|WOODSTOCK|1-1|2|18|115|3|289|81|4|327|485|1186|
PEN|ALTON|1-1|2|4|121|3|192|33|4|202|257|688|
PEN|BANGOR|1-1|2|9|124|1|1891|181|46|1560|2140|5818|
PEN|BANGOR|1-1|2|9|125|1|2095|221|57|1715|2336|6424|
PEN|BANGOR|1-1|2|9|126|1|1761|203|75|1413|2218|5670|
PEN|BANGOR|1-1|2|9|127|1|2205|201|110|1586|2296|6398|
PEN|BRADFORD|1-1|2|4|137|3|170|53|2|296|378|899|
PEN|BRADLEY|1-1|2|8|137|3|439|70|3|301|367|1180|
PEN|BREWER|1-1|2|8|128|1|1980|299|51|2423|2222|6975|
PEN|BREWER|1-1|2|8|129|1|129|21|1|192|154|497|
PEN|BURLINGTON|1-1|2|8|141|3|57|10|0|73|127|267|
PEN|CARMEL|1-1|2|10|103|2|400|91|12|763|835|2101|
PEN|CARROLL PLT|1-1|2|2|141|3|16|8|0|48|48|120|
PEN|CHARLESTON|1-1|2|4|104|2|157|42|4|442|356|1001|
PEN|CHESTER|1-1|2|5|141|3|102|29|1|215|153|500|
PEN|CLIFTON|1-1|2|8|129|1|177|30|3|241|333|784|
PEN|CORINNA|1-1|2|10|100|2|318|71|4|631|544|1568|
PEN|CORINTH|1-1|2|10|121|2|383|69|10|881|738|2081|
PEN|DEXTER|1-1|2|4|104|2|639|168|11|884|814|2516|
PEN|DIXMONT|1-1|2|10|100|2|254|29|1|308|307|899|
PEN|DREW PLT|1-1|2|2|141|3|11|6|0|13|7|37|
PEN|EAST MILLINOCKET|1-1|2|5|143|3|554|55|0|371|348|1328|
PEN|EDDINGTON|1-1|2|8|129|1|401|83|11|604|587|1686|
PEN|EDINBURG|1-1|2|5|137|3|53|6|0|38|41|138|
PEN|ENFIELD|1-1|2|5|142|3|400|38|8|363|437|1246|
PEN|ETNA|1-1|2|10|100|2|187|23|2|247|229|688|
PEN|ETNA|1-1|2|10|103|2|50|12|0|86|69|217|
PEN|EXETER|1-1|2|10|104|2|169|9|2|289|275|744|
PEN|GARLAND|1-1|2|4|104|2|170|43|0|262|327|802|
PEN|GLENBURN|1-1|2|10|102|2|827|129|15|1190|1202|3363|
PEN|GREENBUSH|1-1|2|5|137|3|254|59|7|318|424|1062|
PEN|HAMPDEN|1-1|2|10|101|2|447|47|16|442|497|1449|
PEN|HAMPDEN|2-1|2|10|101|2|419|60|2|550|476|1507|
PEN|HAMPDEN|3-1|2|10|101|2|369|51|1|563|459|1443|
PEN|HAMPDEN|4-1|2|10|101|2|355|52|3|597|523|1530|
PEN|HERMON|1-1|2|9|103|2|1056|165|20|1804|1636|4681|
PEN|HOLDEN|1-1|2|8|129|1|653|130|11|1056|848|2698|
PEN|HOWLAND|1-1|2|5|142|3|356|37|4|275|238|910|
PEN|HUDSON|1-1|2|10|121|2|247|41|3|350|441|1082|
PEN|KENDUSKEAG|1-1|2|10|102|2|229|44|4|349|397|1023|
PEN|KINGMAN TWP|1-1|2|2|141|3|41|10|0|28|33|112|
PEN|LAGRANGE|1-1|2|4|137|3|118|30|0|144|233|525|
PEN|LAKEVILLE|1-1|2|2|141|3|15|6|0|29|36|86|
PEN|LEE|1-1|2|2|141|3|155|21|3|279|245|703|
PEN|LEVANT|1-1|2|10|102|2|419|82|23|824|684|2032|
PEN|LINCOLN|1-1|2|8|142|3|860|129|11|1183|1142|3325|
PEN|LOWELL|1-1|2|8|141|3|94|26|0|129|93|342|
PEN|MATTAWAMKEAG|1-1|2|5|141|3|182|24|0|123|218|547|
PEN|MAXFIELD|1-1|2|5|142|3|17|1|1|27|24|70|
PEN|MEDWAY|1-1|2|5|143|3|309|34|5|316|353|1017|
PEN|MILFORD|1-1|2|5|121|3|870|115|14|575|944|2518|
PEN|MILLINOCKET|1-1|2|5|143|3|1199|76|7|760|1202|3244|
PEN|MILLINOCKET|1-2|2|5|143|3|85|3|0|70|128|286|
PEN|MOUNT CHASE|1-1|2|2|145|3|29|2|0|64|61|156|
PEN|NEWBURGH|1-1|2|10|101|2|282|56|7|351|471|1167|
PEN|NEWPORT|1-1|2|10|100|2|596|45|14|931|795|2381|
PEN|OLD TOWN|1-1|2|5|122|3|2222|270|101|1343|2271|6207|
PEN|OLD TOWN|5-1|2|5|122|3|22|3|2|23|40|90|
PEN|ORONO|1-1|2|5|123|3|1408|250|49|679|1296|3682|
PEN|ORONO|1-2|2|5|123|3|1155|248|44|647|1720|3814|
PEN|ORONO|1-3|2|5|123|3|769|58|5|350|486|1668|
PEN|ORONO|1-3|2|5|124|3|428|48|10|309|361|1156|
PEN|ORRINGTON|1-1|2|8|130|2|734|147|16|1185|1030|3112|
PEN|PASSADUMKEAG|1-1|2|5|137|3|91|15|2|100|98|306|
PEN|PATTEN|1-1|2|2|143|3|136|22|0|253|255|666|
PEN|PENOBSCOT NATION VOTING DISTRICT|1-1|2|5|122|3|218|25|0|39|147|429|
PEN|PLYMOUTH|1-1|2|10|100|2|194|30|3|390|432|1049|
PEN|PRENTISS TWP T7 R3 NBPP|1-1|2|2|141|3|30|14|0|52|36|132|
PEN|SEBOEIS PLT|1-1|2|5|142|3|11|3|0|15|12|41|
PEN|SPRINGFIELD|1-1|2|2|141|3|57|15|0|57|135|264|
PEN|STACYVILLE|1-1|2|2|145|3|39|14|0|87|116|256|
PEN|STETSON|1-1|2|10|104|2|194|49|4|343|420|1010|
PEN|VEAZIE|1-1|2|5|129|1|455|64|20|483|517|1539|
PEN|WEBSTER PLT|1-1|2|2|141|3|13|8|0|18|12|51|
PEN|WINN|1-1|2|2|141|3|59|9|0|96|91|255|
PEN|WOODVILLE|1-1|2|5|142|3|50|6|0|57|56|169|
PIS|ABBOT|1-1|2|4|119|1|94|19|1|200|170|484|
PIS|ATKINSON|1-1|2|4|120|2|62|17|0|72|82|233|
PIS|BEAVER COVE|1-1|2|4|119|3|21|9|1|47|51|129|
PIS|BOWERBANK|1-1|2|4|119|2|25|6|0|44|36|111|
PIS|BROWNVILLE|1-1|2|4|120|3|277|27|4|269|438|1015|
PIS|DOVER-FOXCROFT|1-1|2|4|120|2|775|106|9|1072|951|2913|
PIS|GREENVILLE|1-1|2|4|119|3|395|55|1|592|622|1665|
PIS|GUILFORD|1-1|2|4|119|1|211|30|0|332|279|852|
PIS|KINGSBURY PLT|1-1|2|4|118|1|4|1|0|10|6|21|
PIS|LAKE VIEW PLT|1-1|2|4|120|3|25|2|0|25|38|90|
PIS|MEDFORD|1-1|2|4|120|2|45|7|0|65|68|185|
PIS|MILO|1-1|2|4|120|3|549|113|8|640|653|1963|
PIS|MONSON|1-1|2|4|119|1|142|27|2|205|201|577|
PIS|PARKMAN|1-1|2|4|119|1|131|18|10|231|278|668|
PIS|SANGERVILLE|1-1|2|4|119|1|257|46|0|377|359|1039|
PIS|SEBEC|1-1|2|4|119|2|99|24|1|205|163|492|
PIS|SHIRLEY|1-1|2|4|119|1|38|5|0|66|75|184|
PIS|WELLINGTON|1-1|2|4|118|1|62|14|0|38|66|180|
PIS|WILLIMANTIC|1-1|2|4|119|1|19|6|0|58|44|127|
SAG|ARROWSIC|1-1|1|23|53|3|200|21|3|83|120|427|
SAG|BATH|1-1|1|23|52|2|377|35|5|228|326|971|
SAG|BATH|2-1|1|23|52|2|353|48|5|229|391|1026|
SAG|BATH|3-1|1|23|52|2|319|52|15|212|384|982|
SAG|BATH|4-1|1|23|52|2|321|26|13|184|238|782|
SAG|BATH|5-1|1|23|52|2|421|53|11|255|420|1160|
SAG|BATH|6-1|1|23|52|2|354|34|7|204|396|995|
SAG|BATH|7-1|1|23|52|2|410|38|8|293|346|1095|
SAG|BOWDOIN|1-1|1|23|55|1|552|106|1|742|1089|2490|
SAG|BOWDOINHAM|1-1|1|23|55|2|742|83|7|633|972|2437|
SAG|GEORGETOWN|1-1|1|23|53|3|337|26|3|288|278|932|
SAG|PHIPPSBURG|1-1|1|23|53|3|545|68|9|585|666|1873|
SAG|RICHMOND|1-1|1|23|53|3|21|13|0|32|37|103|
SAG|RICHMOND|1-1|1|23|55|3|678|191|12|747|799|2427|
SAG|TOPSHAM|1-1|1|23|54|1|2329|248|37|2029|3055|7698|
SAG|WEST BATH|1-1|1|23|51|3|486|62|8|466|587|1609|
SAG|WOOLWICH|1-1|1|23|53|3|708|130|9|819|818|2484|
SOM|ANSON|1-1|2|3|112|2|402|86|12|501|682|1683|
SOM|ATHENS|1-1|2|4|118|5|221|23|0|182|293|719|
SOM|BINGHAM|1-1|2|3|118|5|188|29|0|220|298|735|
SOM|BRIGHTON PLT|1-1|2|4|118|5|15|4|0|10|35|64|
SOM|CAMBRIDGE|1-1|2|4|105|3|64|11|0|141|128|344|
SOM|CANAAN|1-1|2|3|105|4|461|86|7|445|510|1509|
SOM|CARATUNK|1-1|2|3|118|5|16|3|0|24|12|55|
SOM|CORNVILLE|1-1|2|3|118|5|202|32|0|344|382|960|
SOM|DENNISTOWN PLT|1-1|2|3|118|5|5|2|0|12|8|27|
SOM|DETROIT|1-1|2|4|106|3|191|79|1|151|223|645|
SOM|EMBDEN|1-1|2|3|118|5|195|36|0|249|276|756|
SOM|FAIRFIELD|1-1|2|16|108|1|1366|168|9|1290|1692|4525|
SOM|HARMONY|1-1|2|4|118|5|195|27|3|215|283|723|
SOM|HARTLAND|1-1|2|4|105|5|329|60|0|499|312|1200|
SOM|HIGHLAND PLT|1-1|2|3|118|5|29|14|0|55|56|154|
SOM|JACKMAN|1-1|2|3|118|5|132|4|0|228|290|654|
SOM|JACKMAN|1-2|2|3|118|5|12|0|0|20|39|71|
SOM|MADISON|1-1|2|3|107|2|13|5|0|18|17|53|
SOM|MADISON|1-1|2|3|111|2|952|138|4|898|1191|3183|
SOM|MERCER|1-1|2|3|108|2|122|28|0|165|202|517|
SOM|MOOSE RIVER|1-1|2|3|118|5|14|6|0|76|51|147|
SOM|MOSCOW|1-1|2|3|118|5|109|19|0|101|126|355|
SOM|NEW PORTLAND|1-1|2|3|112|2|151|59|1|200|253|664|
SOM|NORRIDGEWOCK|1-1|2|3|111|1|709|147|8|802|805|2471|
SOM|PALMYRA|1-1|2|4|105|3|356|64|9|575|514|1518|
SOM|PITTSFIELD|1-1|2|3|106|3|173|18|0|195|293|679|
SOM|PITTSFIELD|1-2|2|3|106|3|208|27|5|210|252|702|
SOM|PITTSFIELD|1-3|2|3|106|3|258|32|0|267|310|867|
SOM|PITTSFIELD|1-4|2|3|106|3|182|33|0|317|319|851|
SOM|PLEASANT RIDGE PLT|1-1|2|3|118|5|16|1|0|28|28|73|
SOM|RIPLEY|1-1|2|4|105|3|68|20|2|126|136|352|
SOM|ROCKWOOD STRIP TWP|1-1|2|3|118|5|56|15|0|117|91|279|
SOM|SAINT ALBANS|1-1|2|4|105|3|310|18|1|584|531|1444|
SOM|SKOWHEGAN|1-1|2|3|107|4|1996|191|10|1883|2308|6388|
SOM|SMITHFIELD|1-1|2|3|108|2|194|32|6|251|267|750|
SOM|SOLON|1-1|2|3|111|5|214|38|1|223|305|781|
SOM|STARKS|1-1|2|3|112|2|117|26|0|111|234|488|
SOM|THE FORKS PLT|1-1|2|3|118|5|12|4|0|24|30|70|
SOM|WEST FORKS PLT|1-1|2|3|118|5|14|0|0|25|23|62|
WAL|BELFAST|1-1|2|11|97|1|462|31|1|256|310|1060|
WAL|BELFAST|2-1|2|11|97|1|427|50|4|196|296|973|
WAL|BELFAST|3-1|2|11|97|1|479|63|5|242|385|1174|
WAL|BELFAST|4-1|2|11|97|1|408|43|5|296|394|1146|
WAL|BELFAST|5-1|2|11|97|1|293|37|0|338|409|1077|
WAL|BELMONT|1-1|2|11|96|1|175|48|0|245|271|739|
WAL|BROOKS|1-1|2|11|99|3|165|37|0|271|240|713|
WAL|BURNHAM|1-1|2|11|99|3|183|40|1|233|465|922|
WAL|FRANKFORT|1-1|2|11|98|2|183|49|1|230|363|826|
WAL|FREEDOM|1-1|2|11|99|3|156|44|2|139|221|562|
WAL|ISLESBORO|1-1|2|11|94|1|239|25|2|80|229|575|
WAL|JACKSON|1-1|2|11|99|2|113|17|2|132|183|447|
WAL|KNOX|1-1|2|11|99|3|111|27|3|215|259|615|
WAL|LIBERTY|1-1|2|11|96|3|210|37|4|243|243|737|
WAL|LINCOLNVILLE|1-1|2|11|96|1|702|128|4|476|627|1937|
WAL|MONROE|1-1|2|11|99|2|243|62|6|238|257|806|
WAL|MONTVILLE|1-1|2|11|96|3|223|46|5|189|307|770|
WAL|MORRILL|1-1|2|11|96|1|134|32|0|282|241|689|
WAL|NORTHPORT|1-1|2|11|97|1|393|51|2|384|476|1306|
WAL|PALERMO|1-1|2|11|96|3|293|85|1|415|364|1158|
WAL|PROSPECT|1-1|2|11|131|2|122|27|3|171|215|538|
WAL|SEARSMONT|1-1|2|11|96|3|315|50|2|278|366|1011|
WAL|SEARSPORT|1-1|2|11|98|2|604|109|7|713|902|2335|
WAL|STOCKTON SPRINGS|1-1|2|11|131|2|374|37|5|387|547|1350|
WAL|SWANVILLE|1-1|2|11|98|2|275|43|3|301|570|1192|
WAL|THORNDIKE|1-1|2|11|99|3|156|62|1|188|220|627|
WAL|TROY|1-1|2|11|99|3|164|66|0|240|312|782|
WAL|UNITY|1-1|2|11|99|3|439|148|8|431|666|1692|
WAL|WALDO|1-1|2|11|97|1|151|48|1|193|237|630|
WAL|WINTERPORT|1-1|2|11|98|2|822|178|15|995|1106|3116|
WAS|ADDISON|1-1|2|6|138|3|223|29|5|346|300|903|
WAS|ALEXANDER|1-1|2|6|141|1|99|8|2|140|154|403|
WAS|BAILEYVILLE|1-1|2|6|140|1|299|34|2|270|428|1033|
WAS|BARING PLT|1-1|2|6|140|1|55|11|0|50|50|166|
WAS|BEALS|1-1|2|6|138|3|140|11|0|92|122|365|
WAS|BEDDINGTON|1-1|2|6|137|1|7|2|0|19|17|45|
WAS|BIG LAKE TWP|1-1|2|6|141|1|18|1|1|31|32|83|
WAS|BROOKTON TWP|1-1|2|6|141|1|35|3|0|68|45|151|
WAS|CALAIS|1-1|2|6|140|1|503|30|1|728|992|2254|
WAS|CHARLOTTE|1-1|2|6|140|1|48|10|0|100|67|225|
WAS|CHERRYFIELD|1-1|2|6|138|3|227|36|0|325|382|970|
WAS|CODYVILLE PLT|1-1|2|6|141|1|1|0|0|3|11|15|
WAS|COLUMBIA|1-1|2|6|138|3|54|16|0|120|125|315|
WAS|COLUMBIA FALLS|1-1|2|6|138|3|110|17|1|165|156|449|
WAS|COOPER|1-1|2|6|141|1|38|5|1|53|33|130|
WAS|CRAWFORD|1-1|2|6|141|1|14|0|0|48|30|92|
WAS|CUTLER|1-1|2|6|139|2|68|14|0|165|153|400|
WAS|DANFORTH|1-1|2|6|141|1|108|18|1|156|207|490|
WAS|DEBLOIS|1-1|2|6|137|1|13|2|0|22|9|46|
WAS|DENNYSVILLE|1-1|2|6|141|2|66|7|0|66|81|220|
WAS|EAST MACHIAS|1-1|2|6|139|2|249|59|2|376|303|989|
WAS|EASTPORT|1-1|2|6|139|2|447|31|1|327|348|1154|
WAS|EDMUNDS TWP|1-1|2|6|141|2|53|8|1|74|86|222|
WAS|GRAND LAKE STREAM PLT|1-1|2|6|141|1|28|10|1|48|32|119|
WAS|HARRINGTON|1-1|2|6|138|3|178|33|1|242|246|700|
WAS|INDIAN TOWNSHIP|1-1|2|6|140|1|297|16|0|44|148|505|
WAS|JONESBORO|1-1|2|6|138|3|131|14|0|157|136|438|
WAS|JONESPORT|1-1|2|6|138|3|346|44|1|298|297|986|
WAS|LUBEC|1-1|2|6|139|2|409|20|3|260|511|1203|
WAS|MACHIAS|1-1|2|6|139|2|454|60|1|455|584|1554|
WAS|MACHIASPORT|1-1|2|6|139|3|232|23|0|244|320|819|
WAS|MARSHFIELD|1-1|2|6|138|1|83|11|1|184|109|388|
WAS|MEDDYBEMPS|1-1|2|6|141|1|31|9|3|45|33|121|
WAS|MILBRIDGE|1-1|2|6|138|3|286|51|5|314|334|990|
WAS|NORTHFIELD|1-1|2|6|137|1|32|7|0|38|51|128|
WAS|PEMBROKE|1-1|2|6|140|2|179|33|2|196|203|613|
WAS|PERRY|1-1|2|6|140|2|161|28|0|206|215|610|
WAS|PLEASANT POINT VOTING DISTRICT|1-1|2|6|140|2|227|20|0|31|232|510|
WAS|PRINCETON|1-1|2|6|141|1|77|9|2|95|153|336|
WAS|PRINCETON|1-2|2|6|141|1|75|8|0|88|119|290|
WAS|ROBBINSTON|1-1|2|6|140|1|115|22|0|165|135|437|
WAS|ROQUE BLUFFS|1-1|2|6|139|3|74|6|0|46|92|218|
WAS|STEUBEN|1-1|2|6|136|3|207|36|4|267|361|875|
WAS|TALMADGE|1-1|2|6|141|1|10|3|0|14|15|42|
WAS|TOPSFIELD|1-1|2|6|141|1|27|3|1|51|84|166|
WAS|VANCEBORO|1-1|2|6|141|1|46|1|0|33|52|132|
WAS|WAITE|1-1|2|6|141|1|21|1|0|32|21|75|
WAS|WESLEY|1-1|2|6|137|1|27|5|0|28|57|117|
WAS|WHITING|1-1|2|6|139|2|150|12|3|140|127|432|
WAS|WHITNEYVILLE|1-1|2|6|138|1|51|7|0|42|71|171|
YOR|ACTON|1-1|1|34|20|1|542|115|3|660|773|2093|
YOR|ALFRED|1-1|1|32|21|4|424|39|1|482|724|1670|
YOR|ALFRED|1-2|1|32|21|4|242|25|6|178|323|774|
YOR|ARUNDEL|1-1|1|32|10|2|942|99|19|884|1433|3377|
YOR|BERWICK|1-1|1|34|5|1|908|71|12|1032|2132|4155|
YOR|BERWICK|1-1|1|35|5|1|387|20|5|466|899|1777|
YOR|BIDDEFORD|1-1|1|32|11|2|91|10|0|40|43|184|
YOR|BIDDEFORD|1-1|1|32|9|2|997|84|12|349|637|2079|
YOR|BIDDEFORD|2-1|1|32|11|2|196|11|5|72|97|381|
YOR|BIDDEFORD|2-1|1|32|12|2|711|97|57|225|615|1705|
YOR|BIDDEFORD|3-1|1|32|11|2|561|32|5|193|296|1087|
YOR|BIDDEFORD|3-1|1|32|12|2|360|20|5|135|184|704|
YOR|BIDDEFORD|3-1|1|32|9|2|279|24|6|114|195|618|
YOR|BIDDEFORD|4-1|1|32|11|2|282|17|8|103|137|547|
YOR|BIDDEFORD|4-1|1|32|12|2|689|68|42|188|423|1410|
YOR|BIDDEFORD|5-1|1|32|11|2|144|18|9|55|102|328|
YOR|BIDDEFORD|5-1|1|32|12|2|780|101|66|249|630|1826|
YOR|BIDDEFORD|6-1|1|32|11|2|923|87|29|396|689|2124|
YOR|BIDDEFORD|7-1|1|32|11|2|878|55|9|288|491|1721|
YOR|BUXTON|1-1|1|30|16|3|824|138|14|844|1033|2853|
YOR|BUXTON|1-1|1|30|22|3|629|108|12|821|1026|2596|
YOR|BUXTON|1-1|1|31|16|3|279|39|6|290|331|945|
YOR|CORNISH|1-1|1|33|68|1|314|54|5|311|458|1142|
YOR|DAYTON|1-1|1|32|10|3|403|52|4|468|700|1627|
YOR|ELIOT|1-1|1|35|2|5|1771|160|11|1679|2384|6005|
YOR|HOLLIS|1-1|1|31|16|3|926|165|18|1048|1264|3421|
YOR|KENNEBUNK|1-1|1|34|8|2|749|68|10|677|1374|2878|
YOR|KENNEBUNK|1-2|1|34|8|2|1572|98|14|1281|2235|5200|
YOR|KENNEBUNK|1-2|1|34|9|2|469|19|2|610|705|1805|
YOR|KENNEBUNKPORT|1-1|1|32|9|2|867|66|8|923|917|2781|
YOR|KITTERY|1-1|1|35|1|5|2762|161|15|1565|2623|7126|
YOR|KITTERY|1-1|1|35|2|5|203|17|2|212|295|729|
YOR|LEBANON|1-1|1|34|20|1|956|185|10|1239|2290|4680|
YOR|LIMERICK|1-1|1|33|21|1|273|52|10|302|471|1108|
YOR|LIMERICK|1-1|1|33|22|1|284|44|5|299|455|1087|
YOR|LIMINGTON|1-1|1|31|22|1|611|167|20|771|924|2493|
YOR|LYMAN|1-1|1|32|10|4|672|102|23|701|972|2470|
YOR|LYMAN|1-1|1|32|17|4|291|35|3|299|410|1038|
YOR|NEWFIELD|1-1|1|33|21|1|268|61|3|365|491|1188|
YOR|NORTH BERWICK|1-1|1|34|5|1|275|45|8|377|494|1199|
YOR|NORTH BERWICK|1-1|1|34|6|1|650|103|4|766|1122|2645|
YOR|OGUNQUIT|1-1|1|35|4|5|445|38|2|292|391|1168|
YOR|OLD ORCHARD BEACH|1-1|1|31|13|3|2938|241|17|1730|2841|7767|
YOR|PARSONSFIELD|1-1|1|33|21|1|214|41|3|246|342|846|
YOR|PARSONSFIELD|1-1|1|33|68|1|108|14|4|125|152|403|
YOR|SACO|1-1|1|31|15|3|774|75|16|517|674|2056|
YOR|SACO|1-1|1|31|16|3|28|3|6|20|35|92|
YOR|SACO|2-1|1|31|15|3|632|88|14|516|702|1952|
YOR|SACO|2-1|1|31|16|3|31|4|3|59|69|166|
YOR|SACO|3-1|1|31|14|3|356|37|17|184|337|931|
YOR|SACO|3-1|1|31|15|3|394|43|10|266|428|1141|
YOR|SACO|4-1|1|31|14|3|971|83|7|650|802|2513|
YOR|SACO|5-1|1|31|14|3|285|29|6|133|243|696|
YOR|SACO|5-1|1|31|15|3|546|40|11|299|477|1373|
YOR|SACO|6-1|1|31|14|3|900|78|29|400|726|2133|
YOR|SACO|6-1|1|31|15|3|8|2|0|9|10|29|
YOR|SACO|7-1|1|31|14|3|534|73|19|233|561|1420|
YOR|SACO|7-1|1|31|15|3|237|32|5|131|208|613|
YOR|SANFORD|1-1|1|33|18|4|224|19|4|127|276|650|
YOR|SANFORD|1-1|1|33|19|4|1259|119|34|981|1685|4078|
YOR|SANFORD|2-1|1|33|18|4|1709|181|44|1077|2198|5209|
YOR|SANFORD|3-1|1|33|19|4|727|86|18|579|918|2328|
YOR|SANFORD|3-1|1|33|4|4|679|80|9|562|969|2299|
YOR|SHAPLEIGH|1-1|1|33|20|4|142|32|0|170|239|583|
YOR|SHAPLEIGH|1-1|1|33|21|4|368|90|9|420|508|1395|
YOR|SOUTH BERWICK|1-1|1|35|2|1|406|39|3|322|493|1263|
YOR|SOUTH BERWICK|1-1|1|35|6|1|1456|141|16|1130|1581|4324|
YOR|WATERBORO|1-1|1|33|17|4|598|116|11|738|794|2257|
YOR|WATERBORO|2-1|1|33|17|4|773|214|22|893|1199|3101|
YOR|WELLS|1-1|1|34|4|5|184|10|3|163|399|759|
YOR|WELLS|1-1|1|34|7|5|1988|91|19|2131|3848|8077|
YOR|YORK|1-1|1|35|3|5|2719|188|12|2297|3404|8620|
YOR|YORK|1-1|1|35|4|5|1008|82|5|866|1442|3403|
